[0.4697918168718614, -0.03240048509503141, 0.8821824399555014, 0.7499828365730017;
 -0.4372012418537894, 0.8596218333565668, 0.2643962513694153, -0.1819765623505349;
 -0.7669098531911946, -0.5099024535950982, 0.3896777705950891, 0.1054281206018913;
 0, 0, 0, 1]
[0.3961334958859756, 0.02636798487337821, 0.9178142419960986, 0.7789879310420755;
 -0.5151773333889349, 0.8338046708946978, 0.1983988053302011, -0.1979475234358468;
 -0.7600464252921804, -0.5514295060729905, 0.3438821473014788, 0.1054430027452084;
 0, 0, 0, 1]
[0.2820854174267817, -0.1476914020422294, 0.9479530932688383, 0.7719758631660305;
 -0.4654562367336789, 0.8429345233177887, 0.2698367674812564, -0.1469910882704306;
 -0.8389149593140415, -0.5173476965850071, 0.1690356526810468, 0.1055166515404128;
 0, 0, 0, 1]
[0.199326478313796, -0.1222578320819032, 0.9722766980328456, 0.8180042557031079;
 -0.5688039448701688, 0.7934975246969961, 0.2163879631584765, -0.1339753605140459;
 -0.7979542764740056, -0.5961666719922989, 0.08862432996910542, 0.1054875861942164;
 0, 0, 0, 1]
[0.2679358505254519, -0.1435669997050139, 0.952679850001512, 0.8650182493340617;
 -0.3645359830610924, 0.9002121632558572, 0.238183916711211, -0.203918016452674;
 -0.891809338960344, -0.4111040959682969, 0.1888637742427162, 0.1055147162076858;
 0, 0, 0, 1]
[0.1794485744711198, 0.09854454876916746, 0.9788192790439736, 0.8420080183026614;
 -0.7394168226455119, 0.6697922269228774, 0.06812587718707511, 0.0290884405309621;
 -0.6488921108390043, -0.7359805328006808, 0.1930587574530806, 0.1054314906241429;
 0, 0, 0, 1]
[0.1365144669714302, -0.001165946518936894, 0.9906373912164942, 0.9020136191964466;
 -0.6371147100442349, 0.7656483638530659, 0.08869852971934469, -0.06990169798497579;
 -0.7585833154985394, -0.6432582867696599, 0.1037792366006094, 0.1055472991969355;
 0, 0, 0, 1]
[0.401510530031198, -0.06605207429670124, 0.9134694399678456, 0.7779495339098255;
 -0.7462532257149318, 0.5546145813188111, 0.36811518482483, 0.05711337352161223;
 -0.5309382425330892, -0.829481639139567, 0.1733920209992712, 0.1053956151656469;
 0, 0, 0, 1]
[0.2260347228903256, -0.1670323859379633, 0.9596918703916195, 0.9060082826756564;
 -0.5682358007281046, 0.7775945054895071, 0.2691744040643884, -0.1438375165911794;
 -0.7912119683237758, -0.6061740402560969, 0.08084957699837612, 0.1053764541730181;
 0, 0, 0, 1]
[0.02769921661145733, -0.2114588294107506, 0.9769943279586359, 0.9159892645288109;
 -0.5148287089699533, 0.8347581489383307, 0.195269642293376, -0.1669787040110635;
 -0.8568454667088126, -0.5083935446534376, -0.08574292936021234, 0.1054207669001183;
 0, 0, 0, 1]
[-0.1107277901008365, -0.1355901069668062, 0.9845581137709013, 0.9360109657043633;
 -0.400286194595962, 0.9128304520265176, 0.08069404109937203, -0.1979965521610167;
 -0.9096759417041151, -0.3851699478746928, -0.1553505466322463, 0.1055053703909471;
 0, 0, 0, 1]
[0.4639629501505078, 0.06889344567418959, 0.8831715994249221, 0.751982737543443;
 -0.5873926905971987, 0.7702068864925572, 0.2484978451263204, -0.1049743938275841;
 -0.6631049750383577, -0.634062335376088, 0.3978149657023983, 0.1054424471524476;
 0, 0, 0, 1]
[0.2415978280028049, -0.07739499954544352, 0.9672851200911177, 0.8929719337830268;
 -0.566081513007711, 0.7983832491362191, 0.2052703293941792, -0.1729811015013298;
 -0.7881511340696198, -0.5971550900260794, 0.149075780463217, 0.1053351857330085;
 0, 0, 0, 1]
[0.2769876368238919, -0.0946142851441327, 0.9562039458679202, 0.8859741280937058;
 -0.711633976814802, 0.6484685388047797, 0.270306561561394, -0.03507155398705585;
 -0.6456430376682347, -0.7553387923488761, 0.1122870281175694, 0.1054931216919711;
 0, 0, 0, 1]
[0.1537620593596286, -0.1391705934737248, 0.9782580308965816, 0.8519961210258508;
 -0.6490506155169526, 0.7322689856338785, 0.2061927039829378, -0.128941186334458;
 -0.7450439769560928, -0.6666435918771751, 0.02226642788027082, 0.1055271341620138;
 0, 0, 0, 1]
[0.3591950361375831, 0.02644318449092398, 0.9328878196268292, 0.7839598366011822;
 -0.7082010503924885, 0.6587335921898974, 0.2540104854992608, 0.05609156776093732;
 -0.607807698402296, -0.7519114392763108, 0.2553409274838848, 0.1054332943733214;
 0, 0, 0, 1]
[0.4631270085789883, 0.02103637781369466, 0.8860422364273371, 0.7769729960016505;
 -0.6059323095060504, 0.7370997404185106, 0.2992156562942996, -0.1389758638702812;
 -0.6468070888768472, -0.6754564704579, 0.3541174187966674, 0.1053991056484689;
 0, 0, 0, 1]
[0.3063280205398723, 0.01087604634218609, 0.9518638849373823, 0.7809543348670244;
 -0.4389832011960088, 0.8888768880981219, 0.1311168443515291, -0.1629746695743102;
 -0.8446637750607208, -0.45801701870232, 0.2770622992743883, 0.1053814918331449;
 0, 0, 0, 1]
[0.2312185423627637, 0.00441144298151136, 0.9728918361454472, 0.8219736608775386;
 -0.5052944982862283, 0.8550861591754031, 0.1162115759652455, -0.1900687253163027;
 -0.8313936827215538, -0.5184671634322449, 0.1999408531871719, 0.105431560926664;
 0, 0, 0, 1]
[0.2604316780382273, -0.1340832172498566, 0.9561365132271233, 0.8549832997482564;
 -0.6053077424544963, 0.748841622550523, 0.269886571100789, -0.1340811285669961;
 -0.7521820776905246, -0.6490438468915855, 0.1138604708111552, 0.1054632602157885;
 0, 0, 0, 1]
[0.4343063210038851, -0.02956529004058689, 0.9002799082290387, 0.7780309476419094;
 -0.7239687324410417, 0.5832214715572196, 0.3684046546426126, -3.692877021634514e-05;
 -0.5359545633575497, -0.8117749742012544, 0.2318924260875526, 0.1054899511706168;
 0, 0, 0, 1]
[0.3689228328749903, -0.08998662747166364, 0.9250936980975322, 0.8039900509168852;
 -0.7167184454145502, 0.6061653062389455, 0.3447873134481541, 0.06098334566931379;
 -0.591785952339224, -0.7902316295799108, 0.1591331462186189, 0.1054829324550237;
 0, 0, 0, 1]
[0.09363914016761586, -0.1141303375986204, 0.9890429603754807, 0.8770078749495724;
 -0.4485155989542051, 0.8820578584699519, 0.1442487150935933, -0.1669582425799153;
 -0.888856270115377, -0.4571085214158963, 0.03140590271832403, 0.105456008263885;
 0, 0, 0, 1]
[0.3112505637360977, -0.1057053390625264, 0.9444307639354182, 0.7930041715152401;
 -0.6788639731113671, 0.6707180271195218, 0.2987993207963256, 0.01602291422169749;
 -0.6650314222541747, -0.7341414777756211, 0.1370018175938435, 0.1054387051011023;
 0, 0, 0, 1]
[0.3817893447965747, -0.09724926427368441, 0.9191188589067408, 0.8149970676167816;
 -0.5464927694806739, 0.7782347159662885, 0.3093483146393615, -0.05305031190918669;
 -0.7453741001035287, -0.620397701045948, 0.243975702543834, 0.1054956148467318;
 0, 0, 0, 1]
[0.4241108134316496, 0.02180207015942626, 0.9053478268969932, 0.7719901247719375;
 -0.7360334109294162, 0.5907441864288985, 0.3305693939191408, 0.04100450257134251;
 -0.5276218683166514, -0.8065643036591827, 0.2665880495011432, 0.1055023391717323;
 0, 0, 0, 1]
[0.3589986597830077, -0.1432638566853462, 0.9222773062596981, 0.7970209430251889;
 -0.4144763629652516, 0.8608982476715545, 0.2950653346280172, -0.2109431380741003;
 -0.8362591146391777, -0.488190203223792, 0.2496818348603106, 0.1054120738893836;
 0, 0, 0, 1]
[0.6311622059044264, -0.1318076154357673, 0.7643696895815503, 0.7639626225508667;
 -0.5657753327364474, 0.5958833339985929, 0.5699309827774618, -0.1040998703369292;
 -0.5305964028381843, -0.792180411759757, 0.3015255420678671, 0.1054975714918312;
 0, 0, 0, 1]
[0.3793028986342034, 0.04464088658716064, 0.9241950564314891, 0.75298060554299;
 -0.543765980508302, 0.8189043657617652, 0.1836142646369442, -0.1609693306510644;
 -0.7486306629637448, -0.5721912538487749, 0.3348869951034688, 0.1054932758233485;
 0, 0, 0, 1]
[0.3183395263566259, -0.1425896007862293, 0.9371916301945205, 0.8849311756413375;
 -0.5554286445371484, 0.7731017294665753, 0.3062886493545205, -0.17211362023143;
 -0.7682180463817972, -0.6180468603944317, 0.1669104896940894, 0.1054019431278816;
 0, 0, 0, 1]
[0.1767126055070966, -0.1645166919153105, 0.9704158454683931, 0.9210344244850225;
 -0.5279928527827958, 0.8162243430748917, 0.2345237070793625, -0.1729512976776207;
 -0.8306601004413167, -0.5538159259656629, 0.05737349284832927, 0.1055578073307089;
 0, 0, 0, 1]
[0.4045219283514553, -0.1181573265815506, 0.90686319566841, 0.8659910140709275;
 -0.6954361504157111, 0.6042315707507948, 0.3889380022612905, -0.0348442579519243;
 -0.5939112477279719, -0.7879994004332288, 0.1622540438296549, 0.1054549945764502;
 0, 0, 0, 1]
[0.3036534123385725, -0.2948602768653054, 0.9060088422869041, 0.931985754231579;
 -0.722392663374948, 0.5487721631839751, 0.4207112463631435, -0.01102344363378036;
 -0.6212434668285776, -0.7822445461882723, -0.04636836078096848, 0.105477320860234;
 0, 0, 0, 1]
[0.4362677080610015, -0.1331281340008909, 0.8899142581398736, 0.7779566176401067;
 -0.7256692584425171, 0.5327231404272207, 0.4354425140071271, 0.08798799377772849;
 -0.5320475676616594, -0.8357529273599947, 0.1358029092269801, 0.1054062393606311;
 0, 0, 0, 1]
[0.2739823547639799, -0.1894251797167314, 0.942895418679754, 0.8279631509377525;
 -0.7476998133133292, 0.5746711442192167, 0.33271318755497, 0.05198679089534004;
 -0.6048790444784784, -0.796160271108186, 0.0158165817970478, 0.1054902369922252;
 0, 0, 0, 1]
[0.4743940586520157, -0.05143866200931757, 0.8788084780919896, 0.7909848113499424;
 -0.5535422769157674, 0.7588065962779165, 0.3432251405594158, -0.1660407663288146;
 -0.6845007120394949, -0.6492816133973101, 0.3314998668500642, 0.1054823406829366;
 0, 0, 0, 1]
[0.2456352180734949, -0.03205929255308643, 0.9688320501526475, 0.8259778867610068;
 -0.4617944607876958, 0.8748830437624867, 0.1460326529331296, -0.1359700811470566;
 -0.8522964364748851, -0.48327203674316, 0.2000972835256139, 0.1054273138896729;
 0, 0, 0, 1]
[0.4297287861170849, -0.08832168088456838, 0.8986280938564414, 0.7539867142606568;
 -0.3550470593442273, 0.8985143757102927, 0.2580959168467406, -0.188062812197474;
 -0.8302257259524987, -0.4299665072161637, 0.3547591389083292, 0.1054341310348832;
 0, 0, 0, 1]
[0.2197885836133354, -0.04407163805858771, 0.9745515221023858, 0.8729910493540978;
 -0.6215446272642813, 0.7636483365235143, 0.1747097434139701, -0.1481113548239018;
 -0.7519143932869948, -0.6441264696033711, 0.1404486964131317, 0.105578644388988;
 0, 0, 0, 1]
[0.1243187068649255, -0.02519907695303913, 0.9919223082702333, 0.8930017572802602;
 -0.5494440718921677, 0.8306729180011522, 0.08996507745789953, -0.1009542933680082;
 -0.8262300351512206, -0.5561901741492439, 0.08942269954461561, 0.1054329415072258;
 0, 0, 0, 1]
[0.1412547971825003, -0.1594368488953398, 0.9770501386762377, 0.9329836259242302;
 -0.6668747836454438, 0.7140971578751023, 0.2129395971925931, -0.05595768578047651;
 -0.7316591455116058, -0.68164883945403, -0.005454764907943575, 0.1054118564162073;
 0, 0, 0, 1]
[0.02732097741911261, -0.1021415104077233, 0.9943946279241925, 0.8749557333830906;
 -0.6055059862352035, 0.789813114177166, 0.09776372183535577, -0.1679735288880634;
 -0.7953716520131945, -0.6047829003248985, -0.04026882973722844, 0.1053120320214663;
 0, 0, 0, 1]
[0.003845559266573446, -0.003323986421128384, 0.9999870813106534, 0.8410094435749902;
 -0.7008497304010296, 0.7132909568152133, 0.005066194078574092, -0.06384642311911604;
 -0.7132985819912524, -0.7008601586906691, 0.0004133876616392716, 0.1054889161577781;
 0, 0, 0, 1]
[-0.01790976942448643, -0.01880337084994416, 0.9996627798432035, 0.9200013877721244;
 -0.7186995376156469, 0.6953207414885056, 0.0002026991119115744, 0.04897101145497283;
 -0.6950900767456093, -0.7184535473505257, -0.02596700809159247, 0.1054109183888558;
 0, 0, 0, 1]
[0.1927562818379414, -0.05260045891103532, 0.9798358064157284, 0.9200016421994439;
 -0.5985494033151001, 0.7849678286973332, 0.159887834750903, -0.1279664003162897;
 -0.7775497589242439, -0.6172995218146073, 0.1198235067267994, 0.1055475244279501;
 0, 0, 0, 1]
[0.2088642052146395, -0.087715778431996, 0.9740029188837813, 0.8549927159783551;
 -0.7620996288798744, 0.6095421740289066, 0.2183174151121983, -0.02696787508993527;
 -0.6128457386987486, -0.787885956401168, 0.0604633795334176, 0.1055012898590181;
 0, 0, 0, 1]
[0.1452030514007721, -0.1681494729787132, 0.9750086300135429, 0.9170059611671175;
 -0.7374738589648874, 0.6385553446860938, 0.2199531293622834, 0.02394849915822906;
 -0.6595819745925006, -0.7509812424487079, -0.0312856561838311, 0.1054822481083592;
 0, 0, 0, 1]
[0.2532944687305912, 0.05461177659235694, 0.9658465022807268, 0.8430005090955974;
 -0.5832475922063899, 0.8051588303278818, 0.1074313926675333, -0.1439533695061508;
 -0.7717928208372609, -0.5905394244269078, 0.2357944653752505, 0.1054700135139241;
 0, 0, 0, 1]
[0.2101795854554183, -0.2504559766789053, 0.9450377482426848, 0.9059988099162094;
 -0.5697905677808461, 0.7541116784883147, 0.3265796767031249, -0.1340952479522123;
 -0.7944578344542708, -0.607113976213159, 0.01579142681578385, 0.1055460076179775;
 0, 0, 0, 1]
[0.1627768517916187, -0.3020260288391955, 0.9392997255532628, 0.948976723152695;
 -0.7528845282050759, 0.5772786096094382, 0.3160922240056115, 0.03795615818631488;
 -0.6377057187372789, -0.7586367278157702, -0.1334231295493832, 0.1054204481550731;
 0, 0, 0, 1]
[0.1694468713851177, -0.2569834110582083, 0.9514448403447692, 0.927027414628104;
 -0.6179594170314479, 0.7243440526577617, 0.3056989569519054, -0.1508256838026048;
 -0.7677329722500842, -0.6397540307182267, -0.03606748535500871, 0.105360863815904;
 0, 0, 0, 1]
[0.292596555841291, -0.1463168373854155, 0.944975469844241, 0.9190095745019449;
 -0.4746862061735957, 0.8356401388135988, 0.2763667202687546, -0.2230069010180673;
 -0.8300965372643913, -0.5294307712072651, 0.1750508421017955, 0.1054466589050898;
 0, 0, 0, 1]
[0.3154626730554722, -0.01378575991391218, 0.9488378442770358, 0.7750213231924233;
 -0.6480898183374845, 0.7272456481893421, 0.2260383917765965, -0.1079303245024376;
 -0.6931543040881898, -0.6862388214122396, 0.2204844455075178, 0.1055375039901366;
 0, 0, 0, 1]
[0.1571864562485641, -0.03695982004462586, 0.9868770894464451, 0.8480083957594313;
 -0.6268943108935623, 0.7684129396734517, 0.1286276685308804, -0.04287019629718231;
 -0.763083180879584, -0.6388861603170577, 0.09761420600518576, 0.1054492504333457;
 0, 0, 0, 1]
[0.3026851570073312, -0.1532053474814289, 0.9406964532890203, 0.8480230105515741;
 -0.5640536199084015, 0.7667962725365801, 0.3063772026313892, -0.1658370093713222;
 -0.768261159759932, -0.6233390713946154, 0.1456818193091466, 0.1054083051529968;
 0, 0, 0, 1]
[0.2480829018541536, 0.04122860022791808, 0.9678610831781951, 0.7790106056409618;
 -0.3562359421644605, 0.932971954225071, 0.05156826678928839, -0.2050544582235077;
 -0.9008611587352524, -0.3575801101189754, 0.2461414989990105, 0.1054615833302686;
 0, 0, 0, 1]
[0.3503370682832949, -0.02759054771441855, 0.9362172292067075, 0.821035393366513;
 -0.3806403397705607, 0.9091064052211393, 0.1692290628859298, -0.1599721017446657;
 -0.8557902022844256, -0.41564925798408, 0.3079915973062669, 0.1055575230165653;
 0, 0, 0, 1]
[0.113844819055639, -0.03344668849308477, 0.992935383699783, 0.8069250989719318;
 -0.5678758965606655, 0.8178821008192245, 0.092659782348935, -0.205949777207768;
 -0.8152032404741832, -0.5744129074005722, 0.07411807156161472, 0.1053543328967053;
 0, 0, 0, 1]
[0.350902472080367, -0.05454795592709055, 0.9348218951180292, 0.8619516647675585;
 -0.5923085181958299, 0.7602913576010373, 0.266697714331848, -0.1551317602050635;
 -0.7252848229216903, -0.6472878587316062, 0.2344788979377558, 0.105385050375879;
 0, 0, 0, 1]
[0.02105134574810389, 0.07300913770027381, 0.9971090746024009, 0.8810035002999118;
 -0.5338839251540051, 0.844046593226223, -0.05053021794292596, -0.1080981940220032;
 -0.8452956851329283, -0.5312767774667638, 0.05674672166904585, 0.1054273926317988;
 0, 0, 0, 1]
[0.4507484783053117, -0.2296547106362768, 0.8626033405847753, 0.8799884987313978;
 -0.5938005242492527, 0.644381584617721, 0.4818436580540077, -0.1101098807742417;
 -0.6665033733648754, -0.7294046115073052, 0.1540849311422716, 0.10541647141798;
 0, 0, 0, 1]
[0.3311496736943089, -0.1256374660385267, 0.9351765184924025, 0.8180131287441723;
 -0.718015360427457, 0.6094818333109077, 0.3361336595079465, -0.0678920373188744;
 -0.6122040801908967, -0.7827816566523471, 0.1116200797626711, 0.1055716718217107;
 0, 0, 0, 1]
[0.3064167124772715, -0.2571888217557538, 0.916494794463399, 0.912994474039432;
 -0.7679786165916741, 0.502074450440573, 0.3976557439202093, 0.06296520838659193;
 -0.5624212325051033, -0.8256967701152061, -0.04367151301199333, 0.1054255482540989;
 0, 0, 0, 1]
[0.4123991560328305, -0.2971617805367494, 0.8611746700244021, 0.8770611973854413;
 -0.5569121533322053, 0.6658644166771809, 0.4964609068940312, -0.1449602442302954;
 -0.7209547763724818, -0.6843386988848333, 0.1091089163832091, 0.105645414321321;
 0, 0, 0, 1]
[0.3448962963173717, -0.07060837470226883, 0.9359813044118264, 0.8760008744595407;
 -0.6405093398733988, 0.7112228282177653, 0.2896720113453598, -0.1149828168694018;
 -0.6861445404005652, -0.6994115712824798, 0.2000727958385898, 0.105434815854378;
 0, 0, 0, 1]
[0.3964979731146078, -0.1453395178829967, 0.9064578213339802, 0.7619938783463087;
 -0.5170025361326244, 0.7805745143381172, 0.3513001639598919, -0.2159748178837547;
 -0.7586156701179078, -0.6079307954918476, 0.2343553134541806, 0.1055701184580198;
 0, 0, 0, 1]
[0.1943402995115635, 0.07537813800567203, 0.9780337337211604, 0.7970098235492091;
 -0.6608574920915438, 0.7468787528459939, 0.07375299108299169, -0.01000210665119562;
 -0.7249132521427863, -0.6606740988248371, 0.1949628477678722, 0.1054956890614723;
 0, 0, 0, 1]