[-0.2848334769292132, -0.9182459994410516, 0.27512574385346, 0.1765335114225505;
 0.9563214469373386, -0.2525295538142764, 0.1472348959249734, -0.06061821205302673;
 -0.06572047282309121, 0.3050460767832734, 0.9500672136701924, 0.5477181620789959;
 0, 0, 0, 1]
[-0.2706740578580354, -0.956711535505837, 0.1069513545156333, 0.177115857441741;
 0.9558826474994712, -0.2539310721852909, 0.1476732026747931, -0.04679257856141285;
 -0.114122384360242, 0.1422042489129364, 0.9832365091772383, 0.5678885365148892;
 0, 0, 0, 1]
[-0.2468738496783053, -0.9686880610146336, -0.02639588590525453, 0.1735615982232545;
 0.9446859171667019, -0.2466475071000981, 0.2161793818758265, -0.03321919661273591;
 -0.215920865716866, 0.02843321453892876, 0.9759967889594017, 0.5876490363963379;
 0, 0, 0, 1]
[-0.3211779309100289, -0.9389231461382749, -0.1235640009960682, 0.1806202406292469;
 0.9199809176302934, -0.2783856585088511, -0.2759284985874359, -0.03805261434414099;
 0.2246772082176471, -0.2022986672778568, 0.9532027073635108, 0.5779305614898005;
 0, 0, 0, 1]
[-0.2768368682747521, -0.9229752055526586, -0.2673539195502014, 0.1995268038374841;
 0.9605759262134603, -0.2732232676182247, -0.05140949339541254, -0.03707637672619915;
 -0.02559762377605714, -0.2710457820499111, 0.9622260366930279, 0.6061085961132655;
 0, 0, 0, 1]
[-0.3494337345340627, -0.9148207465751947, -0.2024822629396995, 0.1852992082353093;
 0.9094057055576126, -0.2791185946212643, -0.3083408387416617, -0.05033203899276547;
 0.2255600316298065, -0.2918832159824435, 0.9294766593943642, 0.5902276554887337;
 0, 0, 0, 1]
[-0.2557384108141949, -0.9037813435148894, 0.343186754331591, 0.1677536348988123;
 0.964237363247417, -0.2640189616580022, 0.02324425096016702, -0.0453100284314957;
 0.06960009017162949, 0.3368579388992518, 0.9389795293022363, 0.529915536017755;
 0, 0, 0, 1]
[-0.2418927779038368, -0.9195472695882018, 0.3097106762622954, 0.1647268574607451;
 0.9618168755065414, -0.2693570535291213, -0.04852912223546206, -0.03010813457196336;
 0.1280475770516546, 0.2861461107668481, 0.9495916076420472, 0.5285834036159538;
 0, 0, 0, 1]
[-0.2496298015051824, -0.955308632493211, 0.1583362841689627, 0.1513126659625407;
 0.9454900522039327, -0.2757711912477439, -0.1732016491295764, -0.0474523328920374;
 0.2091256162785607, 0.1064690882921028, 0.9720755165388958, 0.545421992027434;
 0, 0, 0, 1]
[-0.2535207029623999, -0.9653636620379756, -0.06164619360576808, 0.1777010739979637;
 0.9596582948234117, -0.2590090067775598, 0.1094088277275819, -0.04625108093671412;
 -0.1215862259718276, -0.03142187812227663, 0.9920833912676879, 0.5881046633700838;
 0, 0, 0, 1]
[-0.2656467509878273, -0.9374747523260469, 0.2248841756123106, 0.1966222397823922;
 0.9638301624183252, -0.2634615878623892, 0.04024189028479706, -0.03899222732619201;
 0.02152258586407171, 0.2274402789134894, 0.9735541576232309, 0.544558745666302;
 0, 0, 0, 1]
[-0.2592247640117009, -0.9657610971975273, -0.01039350099370823, 0.1838696047206009;
 0.959407583674495, -0.2587272845054375, 0.1122376079587827, -0.05282681762594167;
 -0.1110837976977066, 0.01912316376206113, 0.9936270399384189, 0.6315100325945406;
 0, 0, 0, 1]
[-0.2578486087252432, -0.9652947564577451, 0.04147442746608136, 0.1793268947311915;
 0.9241190263529403, -0.2338666201994453, 0.3021761557254015, -0.03968715472066249;
 -0.2819895744720896, 0.116243008872238, 0.9523494331270319, 0.6331404449905209;
 0, 0, 0, 1]
[-0.2661134231828711, -0.962206403425662, 0.05781421285935349, 0.1755344783525206;
 0.9633458083369125, -0.2633615193266228, 0.05104472252519138, -0.02456664138259378;
 -0.03388951993751315, 0.06927876546695468, 0.997021540937697, 0.6148081348204064;
 0, 0, 0, 1]
[-0.302194431756435, -0.9272757102617054, 0.2209938518919818, 0.1542076274382411;
 0.9294146467744974, -0.2350972104118691, 0.2844603944622057, -0.04650424844289457;
 -0.2118181762182879, 0.2913572700572395, 0.9328686946233919, 0.6091979040969088;
 0, 0, 0, 1]
[-0.2697839649560616, -0.9001254394829968, 0.3420391870065892, 0.17056640029303;
 0.9627268870630764, -0.2592692976336848, 0.07704785675393133, -0.03807350635162087;
 0.01932752385653949, 0.3500765980468813, 0.9365216614267377, 0.5812322064711919;
 0, 0, 0, 1]
[-0.2920611309943103, -0.9563762304255208, -0.006693402676935911, 0.2042903871713633;
 0.9151771894767786, -0.2774334124370625, -0.2923720464150279, -0.02306728859367693;
 0.277760702086722, -0.09151615999700863, 0.9562812268552039, 0.6059815766448432;
 0, 0, 0, 1]
[-0.2583030343180422, -0.9660431863294362, 0.006332819953426716, 0.1820077812185914;
 0.9559152790243987, -0.254636340493858, 0.1462406011598772, -0.06075718752755087;
 -0.139662170217273, 0.04382803037288209, 0.9892287814069278, 0.5832899816238581;
 0, 0, 0, 1]
[-0.2631162382273778, -0.9630478660363644, 0.05752089102125062, 0.1777348726105138;
 0.9288427409549211, -0.2367511299055241, 0.2849562511400776, -0.04678738481787856;
 -0.2608083736317204, 0.1284044789377009, 0.9568130862568273, 0.5822446407240468;
 0, 0, 0, 1]
[-0.3410885745792919, -0.853680858565681, 0.3935575891912498, 0.1652532109428376;
 0.9253183052124745, -0.2311260519278721, 0.3006106820439826, -0.03341966900815733;
 -0.165664173345297, 0.4667009104756453, 0.8687609808405432, 0.5340635048314433;
 0, 0, 0, 1]
[-0.2740096086719741, -0.9616689439330526, -0.01056298395903292, 0.1557617496567171;
 0.9592780303554873, -0.2725120775398941, -0.07431573233298089, -0.05002774428872721;
 0.06858859112657252, -0.03049606318162897, 0.9971788181152332, 0.5735263661980982;
 0, 0, 0, 1]
[-0.2814169399936845, -0.9329848551623107, 0.2243741650064756, 0.1746441980645298;
 0.9562444866741805, -0.2531678272699994, 0.1466374199876026, -0.04702271620123157;
 -0.08000617219829859, 0.255822812261045, 0.9634073391546414, 0.5522981531779101;
 0, 0, 0, 1]
[-0.2387228579102441, -0.9381571990274273, -0.2507438274896863, 0.1980775555374813;
 0.961847864755992, -0.26396801107878, 0.07189975098323947, -0.0390481926437061;
 -0.1336416184259387, -0.2240133010339457, 0.9653796966916028, 0.6101683771267191;
 0, 0, 0, 1]
