[-0.2064278285575375, -0.9758261775497472, 0.07176923300181891, 0.1856140783256106;
 0.9385284656198156, -0.2182106013354398, -0.2674854251845143, -0.07562488764268013;
 0.2766800874987836, 0.01214103263627919, 0.9608853857293234, 0.6013966729470133;
 0, 0, 0, 1]
[-0.222681455677072, -0.973701827767212, -0.04814270350043839, 0.1505184523407331;
 0.9654026671666704, -0.2133719584328566, -0.1499002921344934, 0.04436286352082391;
 0.1356858855040544, -0.07985710962286477, 0.9875283198560245, 0.6051835188200037;
 0, 0, 0, 1]
[-0.2675656765150242, -0.9554361444254942, -0.1247011735165457, 0.1904782050426883;
 0.9280534963202269, -0.2207445120569775, -0.2999809466691664, -0.0748234064214551;
 0.2590855393858558, -0.1959939650144184, 0.9457595090503016, 0.6266923566594391;
 0, 0, 0, 1]
[-0.1744403895900753, -0.9800170924453799, -0.09558791238732259, 0.151087155595101;
 0.9714521079204383, -0.1871376307191984, 0.1458091532989003, 0.05295442282143616;
 -0.1607835579174688, -0.06742407347311953, 0.9846840314637442, 0.7218044200008883;
 0, 0, 0, 1]
[-0.206232216481118, -0.9655998187233026, -0.158383278684369, 0.03658107745657805;
 0.9783965413519733, -0.2058789892207161, -0.01881620758688805, -0.112307259522852;
 -0.01443886269004173, -0.158842160269185, 0.9871984032428521, 0.7502067720113254;
 0, 0, 0, 1]
[-0.2213220369017571, -0.9683553838993136, -0.1153447287693298, 0.1911169510338467;
 0.972692099177524, -0.2107247096314073, -0.09728914095818332, -0.06709446277918045;
 0.06990447896436557, -0.1337271372009889, 0.9885496530760352, 0.7273268177284606;
 0, 0, 0, 1]
[-0.1652558744916301, -0.9774061931312045, -0.1317863026826882, 0.3412691225793943;
 0.9681349186916751, -0.1862591367662806, 0.1673986654096848, -0.02739035488368897;
 -0.1881628952686215, -0.09992330859137163, 0.9770414818441859, 0.7343351291917183;
 0, 0, 0, 1]
[-0.2037740246796824, -0.9764739266206357, 0.07053238614935206, 0.1922942156030143;
 0.9653880265367782, -0.2123946726090745, -0.1513752333332925, -0.04981112652863601;
 0.1627946715506035, 0.03724478053850196, 0.9859567542429889, 0.7951280530193597;
 0, 0, 0, 1]
[-0.2016787150713827, -0.9308131351487186, 0.3048156874600938, 0.1483833474950154;
 0.9793211977122873, -0.1967187368759269, 0.04724119254751105, 0.07070543134952217;
 0.01599023447380402, 0.3080400071363351, 0.9512390164437748, 0.7599660638350151;
 0, 0, 0, 1]
[-0.2071571285254358, -0.9709031027517783, 0.1201377924221415, 0.03882083079022347;
 0.9582708679641374, -0.176652127029178, 0.2247464563176151, -0.1001844148614626;
 -0.1969844352032784, 0.1616823771566854, 0.9669829063662958, 0.8262561806978551;
 0, 0, 0, 1]
[-0.2600845861834279, -0.9518231607994464, -0.1624459251429423, 0.1973415791485645;
 0.9475147183177456, -0.2191836167115881, -0.2327539489170294, -0.04678411103446685;
 0.1859351139538698, -0.2144556194903249, 0.9588727343438144, 0.8225142490098656;
 0, 0, 0, 1]
[-0.1989684429030328, -0.9797852275598038, 0.02079583093618324, 0.1866747442723155;
 0.9780150845208426, -0.1971676470509747, 0.06790738844979681, -0.08451245169823147;
 -0.06243439099111903, 0.03385006369219987, 0.9974748718687616, 0.6286834856854221;
 0, 0, 0, 1]
[-0.1947130226787374, -0.9513765076581951, 0.2386830104456652, 0.1441537849438701;
 0.9793034724831869, -0.2022650088661533, -0.007319492519755444, 0.04123390264346113;
 0.05524081445526788, 0.2323179004391847, 0.9710699488470683, 0.5773182379418373;
 0, 0, 0, 1]
[-0.2330773206670059, -0.970439436700316, -0.06262796729467639, 0.1889284081713503;
 0.9553171827131914, -0.2164551413516619, -0.2012864928289098, -0.07850727290431282;
 0.181780205202933, -0.1067448897100249, 0.9775282530531657, 0.6230578982480099;
 0, 0, 0, 1]
[-0.2714207262296592, -0.9544605188216612, -0.1238382307030025, 0.2311812237186315;
 0.922664006313019, -0.2214179065691396, -0.3156980236000051, -0.1836104527053681;
 0.2739012976007488, -0.1999480649099297, 0.9407437751648433, 0.7353031981890914;
 0, 0, 0, 1]
[-0.2039296207826982, -0.9769386771744381, -0.06327346053507536, 0.1904107148710296;
 0.9789796135681078, -0.2037271124645846, -0.009704631104806922, -0.06922206953924781;
 -0.003409689936456767, -0.06392248968478427, 0.9979490414480267, 0.725811398903459;
 0, 0, 0, 1]
[-0.1587867612514693, -0.9737807857178485, -0.1629041000650332, 0.1494572628018436;
 0.9686540108854388, -0.1855768150211884, 0.1651382842412492, 0.05311523597286948;
 -0.1910397122245028, -0.1315759366043848, 0.9727238052293455, 0.7324571272580155;
 0, 0, 0, 1]
[-0.2009736557993386, -0.9783419669441042, 0.04956395253196103, 0.03573888084671311;
 0.979347768301988, -0.1995248031952819, 0.0326772341516219, -0.1130600109034492;
 -0.022080271659671, 0.05510760950926413, 0.998236251083685, 0.7267773574403236;
 0, 0, 0, 1]
[-0.2297450259282521, -0.9731731759319967, -0.01229604439069421, 0.19109097447266;
 0.9388133471866472, -0.21826697731782, -0.2664376582931664, -0.06073303178752782;
 0.2566061616669222, -0.07275641730440958, 0.9637737190521417, 0.7037695188799243;
 0, 0, 0, 1]
[-0.2041126244061247, -0.9789240244452648, 0.006766898989250047, 0.3434716044744353;
 0.9785364366599631, -0.204222336320657, -0.02756228358744037, -0.02538673889450596;
 0.02836333349354933, 0.0009958471865203419, 0.9995971836702595, 0.7029197510765682;
 0, 0, 0, 1]
[-0.2384902991534269, -0.9051130752183826, 0.3519839460521333, 0.1847511919467742;
 0.964720053977591, -0.1791819318720803, 0.1928964819380149, -0.05602904244973297;
 -0.1115239645241446, 0.3855699111177003, 0.9159138873155628, 0.7811723387090158;
 0, 0, 0, 1]
[-0.1925532948120832, -0.9799554722820961, 0.05109306216488357, 0.15549994125151;
 0.9438146386830332, -0.1706980055264951, 0.2829772406341047, 0.06780254753593705;
 -0.2685836116828916, 0.1027105800472879, 0.9577647833793657, 0.8078035262411599;
 0, 0, 0, 1]
