[-0.9610192734957279, 0.2308116830799569, -0.1522101275327656, 0.1518052403336862;
 -0.2211869664850546, -0.972137001714969, -0.07762715860940564, 0.09075395305262221;
 -0.1658863521417074, -0.04093429919307297, 0.9852949311361999, 0.6677579432830463;
 0, 0, 0, 1]
[-0.979316532266587, 0.2000912313882268, -0.03004378056919543, 0.3138335322543012;
 -0.2022362586825423, -0.9726111141052436, 0.1145779926209419, 0.1322626259049341;
 -0.006294863257823212, 0.1182840641866007, 0.9929598455406264, 0.6198984259362637;
 0, 0, 0, 1]
[-0.9463626194338391, 0.230796834109382, 0.226120794938035, 0.1882185568343804;
 -0.1942628530977324, -0.965647903969538, 0.1725864115901554, -0.02768074025808794;
 0.2581854690811459, 0.1194024577817561, 0.9586883313314203, 0.7133228009296746;
 0, 0, 0, 1]
[-0.9708820212692011, 0.2150798972169984, 0.1054928366731883, 0.1561138033835233;
 -0.194869860771883, -0.9651978443261756, 0.1744100303045972, 0.09993233445405572;
 0.139333549940341, 0.1487741883568148, 0.9790058236495809, 0.7053773663258589;
 0, 0, 0, 1]
[-0.9806501705010503, 0.1791473810830621, -0.07893959049387882, 0.1242122735513522;
 -0.1918576925963295, -0.9596594238533915, 0.205534464265702, 0.2266564784824393;
 -0.0389341609370677, 0.2167025751126574, 0.9754609807940392, 0.7013039677523871;
 0, 0, 0, 1]
[-0.9562514756813705, 0.2704382645727639, -0.111562808821189, -0.007594958949766644;
 -0.2306835264068423, -0.9315836255128954, -0.2809573976971477, 0.06110254208600465;
 -0.1799117169661417, -0.2429302239967709, 0.9532138691642986, 0.796833892479419;
 0, 0, 0, 1]
[-0.9771421310298951, 0.2052211091882026, 0.0554756893595662, 0.1581967781466001;
 -0.1862937275709496, -0.9523281124103129, 0.2415901764988206, 0.09701003202702013;
 0.1024104625225182, 0.2257331669395844, 0.9687913266072047, 0.7018147039613564;
 0, 0, 0, 1]
[-0.9742019180219235, 0.2188286581047688, 0.05517826849831259, 0.3135801587960516;
 -0.2253186391817484, -0.9569245865194043, -0.1831033766809128, 0.1502975709425249;
 0.01273317555406829, -0.1908123531292809, 0.9815439430476746, 0.7414268523276168;
 0, 0, 0, 1]
[-0.9655106062261697, 0.206712712975692, 0.1583007377083359, 0.1969266701586198;
 -0.2170086831171967, -0.9748577962400178, -0.050591585879433, -0.00622197321312858;
 0.1438627843346371, -0.08319934737896142, 0.9860939954584453, 0.8463959849851013;
 0, 0, 0, 1]
[-0.9199780935993341, 0.1943430354217565, 0.340398431078042, 0.1532058657600584;
 -0.212840078123874, -0.9769307650611987, -0.01747516584081697, 0.1216026966691669;
 0.3291495229247003, -0.08852719841946161, 0.9401188896615377, 0.8068957524905678;
 0, 0, 0, 1]
[-0.9777770805506607, 0.2090020996311958, -0.01643481364598946, 0.1243346086525395;
 -0.2095007112483937, -0.9770173621952966, 0.03932589420931025, 0.2469805110976745;
 -0.007837903816955757, 0.04189506317809311, 0.9990912725797675, 0.813243614951395;
 0, 0, 0, 1]
[-0.9747044008701742, 0.2202091379522199, 0.03820034668239405, 0.3174289373103922;
 -0.223462328811711, -0.9632596491075891, -0.1489813276997192, 0.1663260193836917;
 0.0039898027973388, -0.1537490941874604, 0.9881018659582487, 0.8374577996517159;
 0, 0, 0, 1]
[-0.9757718307225786, 0.1607829262047079, -0.1483852587333355, 0.1610544142949248;
 -0.1911468484387486, -0.9564490742536551, 0.2206083649621204, 0.0837562771046382;
 -0.1064528848845419, 0.2436268027134483, 0.9640092138041945, 0.6316523142177708;
 0, 0, 0, 1]
[-0.9735175120080044, 0.2123226824311898, 0.0847510019938946, 0.1153819428042999;
 -0.2000104663372071, -0.9705784147209473, 0.1340647389634787, 0.2144247416654548;
 0.1107224781574091, 0.1135632836923839, 0.9873418422348391, 0.5999355586552678;
 0, 0, 0, 1]
[-0.9196992404328431, 0.1899974288476525, 0.3435902853378318, -0.01077124574507876;
 -0.2151769003188734, -0.9758994124936966, -0.03632131968444321, 0.04694520651154059;
 0.3284086002473338, -0.1073373827039728, 0.938417006217304, 0.6295152831198582;
 0, 0, 0, 1]
[-0.9705961262461519, 0.1979409293091423, 0.1369764513345164, 0.1537239618588945;
 -0.2282975822317704, -0.9373583664837979, -0.2631340090713363, 0.09080630244939938;
 0.07631103238124917, -0.2866682425506167, 0.9549858349995819, 0.6644208745790671;
 0, 0, 0, 1]
[-0.9661936809822473, 0.2167659934222177, 0.139578920061929, 0.1550151069489278;
 -0.2031117751170962, -0.9734280061516203, 0.1057521803485073, 0.1023468677908712;
 0.1587935062864896, 0.07382696618011705, 0.9845477141438511, 0.7106959609986806;
 0, 0, 0, 1]
[-0.9681562407597561, 0.2415404678890844, -0.06581562010540634, 0.1161536533140542;
 -0.2264911590018672, -0.9570914283020318, -0.1807698889880933, 0.2350683722434371;
 -0.1066548094177092, -0.1601068400871708, 0.981320819806333, 0.7468750182085767;
 0, 0, 0, 1]
[-0.9694453159932857, 0.1782357258637996, -0.1685461519124155, 0.1619132704965894;
 -0.201689229190893, -0.9702302180257587, 0.1340700520551564, 0.1015712264384567;
 -0.1396324966727374, 0.1639675274421535, 0.9765333664639654, 0.7376496906280448;
 0, 0, 0, 1]
[-0.9756923689718887, 0.2029912459090651, -0.08257696539779856, 0.3172576016533271;
 -0.2083137678549923, -0.9761025646995334, 0.0618801851083965, 0.1482532869448543;
 -0.06804245183765882, 0.07757794320087712, 0.9946616949881208, 0.7247305034014994;
 0, 0, 0, 1]
[-0.9162129230918485, 0.2329311644170857, 0.3260321336966511, 0.1873532371042582;
 -0.1970227343807766, -0.9704052628114945, 0.1396268886886623, -0.01037917799217207;
 0.3489067521510759, 0.06369221735074629, 0.9349905773601855, 0.8071489935244877;
 0, 0, 0, 1]
[-0.9670873025283041, 0.22511763809889, -0.1185925727240358, 0.1601866668604384;
 -0.2192369993581867, -0.9737837221438652, -0.06066630531075626, 0.121014627135568;
 -0.1291405722495722, -0.03266973376715264, 0.9910879885734848, 0.8546913662622363;
 0, 0, 0, 1]
