[-0.1848303923114144, -0.9531448696831843, 0.2394839941930033, 0.1958614081442424;
 0.9759940461694026, -0.2065895310309686, -0.06896656806223384, -0.1370768524901634;
 0.1152100165779301, 0.2209878346539244, 0.9684477420155841, 0.6006096974385979;
 0, 0, 0, 1]
[-0.208096212842904, -0.9704615297739682, 0.1220671349266871, 0.185158790102693;
 0.9611783518939682, -0.1797762718093887, 0.2093243128370705, -0.08584862033271669;
 -0.1811964184271748, 0.1608878843265893, 0.9701973750871921, 0.624505877133523;
 0, 0, 0, 1]
[-0.2154101856307356, -0.9765236034754591, -0.0003221518836166032, 0.1033182148193677;
 0.9658962559150309, -0.2130173506097764, -0.147200649280214, -0.1035472582351486;
 0.1436762845282999, -0.03201968448463695, 0.9891065994470195, 0.6252428370685328;
 0, 0, 0, 1]
[-0.2099465119544607, -0.9340216685209058, 0.2890086241820103, 0.1793180324688235;
 0.9773465859844567, -0.1923988951717802, 0.08818342248521209, -0.08477162710258966;
 -0.02676028741778672, 0.3009753941273295, 0.9532563659096203, 0.5955682916929004;
 0, 0, 0, 1]
[-0.1931258695813845, -0.9469943605196536, 0.2567178989521506, 0.2634249569641;
 0.9795937376887576, -0.2009416754172407, -0.004307222014479667, -0.05997766837316054;
 0.05566423968225732, 0.2506474101691155, 0.9664767809917171, 0.5868788996522907;
 0, 0, 0, 1]
[-0.1398674946760164, -0.9486952028336385, 0.2835744982425183, 0.1918925381865361;
 0.9410350663261883, -0.2164549120032109, -0.2600005288728248, -0.1275326249963912;
 0.3080423475392968, 0.2304879241741825, 0.9230304593740966, 0.6021795275539361;
 0, 0, 0, 1]
[-0.2283506606208212, -0.9731588013081263, -0.02859935717049292, 0.188716504021239;
 0.9517696794695194, -0.2169561520848265, -0.2169435532921728, -0.07484877322800186;
 0.2049157217895267, -0.07675920471889033, 0.9757651210482987, 0.6363523848023108;
 0, 0, 0, 1]
[-0.2100691874383267, -0.9771840930037826, -0.03133982880259251, 0.1715180277525196;
 0.9759890620120478, -0.2077086054281506, -0.06559333856372629, -0.02426936010775523;
 0.05758721491654144, -0.04436646945010946, 0.9973541643100952, 0.6372409577125439;
 0, 0, 0, 1]
[-0.173507878393864, -0.9509082680797536, 0.2562586229433531, 0.09509213871409715;
 0.9696444091062992, -0.2104693425004485, -0.1244683725141644, -0.1007188370548409;
 0.1722925884191076, 0.2268834977802317, 0.9585609748006915, 0.6124543914922742;
 0, 0, 0, 1]
[-0.1881739149163019, -0.9724438702964826, 0.1376353765129806, 0.1836456807027133;
 0.9483661033233628, -0.2163428785170593, -0.2319428657713225, -0.07363982572864879;
 0.2553278516189199, 0.08688312861396327, 0.9629428903885817, 0.6137173360541114;
 0, 0, 0, 1]
[-0.197425647673607, -0.9544300747682094, 0.2237997900325365, 0.2655332900955715;
 0.9797727187985644, -0.199717602785488, 0.01258167857193777, -0.05717189370679318;
 0.03268842514906965, 0.2217568747876121, 0.9745539263405111, 0.6109409889765912;
 0, 0, 0, 1]
[-0.2178453688422356, -0.9755669134023335, -0.02850601249972191, 0.2082187349793719;
 0.9682864994730047, -0.2123743151782821, -0.1315994118181031, -0.1176464793367544;
 0.1223300871098574, -0.05627030946422538, 0.9908930326026595, 0.7458759876519101;
 0, 0, 0, 1]
[-0.2010866437755207, -0.9722634337154425, 0.1194486381460853, 0.1886990734744112;
 0.979544163804648, -0.2005231273509993, 0.01684359087688768, -0.06563405934451022;
 0.007575806976809991, 0.1203922375289724, 0.9926974948550129, 0.7275779725987529;
 0, 0, 0, 1]
[-0.1858535984673217, -0.9793437651149278, -0.07965067273579644, 0.1734873219355904;
 0.9760044128565383, -0.1933634881507207, 0.1001296536234409, -0.01168419021215152;
 -0.1134628838929793, -0.05912995163792627, 0.9917811365407115, 0.7509963856218652;
 0, 0, 0, 1]
[-0.201677190985601, -0.975908245120543, 0.08324306422699707, 0.1056059268335985;
 0.9733284504499859, -0.20917996527677, -0.09420971113127731, -0.08664077907501791;
 0.1093528151479733, 0.06202289281025077, 0.9920660878120279, 0.7326500300724826;
 0, 0, 0, 1]
[-0.1949328548969167, -0.9805670784813165, 0.02212208580476777, 0.1901387845435454;
 0.9737670471522837, -0.190783214657216, 0.1240141237334725, -0.06722870043517203;
 -0.1173836443549952, 0.04571618535786341, 0.9920338252470355, 0.7471915878369184;
 0, 0, 0, 1]
[-0.2017094731984409, -0.974837963512613, 0.09489063871946933, 0.2730586125436522;
 0.9760627822730799, -0.1920223878070603, 0.1021217295300533, -0.04366787317108885;
 -0.08133101181801346, 0.1132181411058156, 0.9902357896184129, 0.729597641459984;
 0, 0, 0, 1]
[-0.1448795393390304, -0.9419809329433324, 0.3027900940455603, 0.1906735283364489;
 0.9540437062855949, -0.2141235786128653, -0.2096466064091317, -0.1329452480071271;
 0.262317604399239, 0.2585014797892442, 0.929713105946676, 0.5838137766230499;
 0, 0, 0, 1]
[-0.2116522304708623, -0.9757609027045812, 0.05562368281451824, 0.1861661497334185;
 0.9337262360450777, -0.2186912343742855, -0.2834245228080015, -0.07503187630511435;
 0.2887189800789013, -0.00805014043308791, 0.9573800425020396, 0.6025632481438475;
 0, 0, 0, 1]
[-0.2169608101409063, -0.9740711248074685, -0.06413618853123813, 0.1712513196669697;
 0.9726935938440406, -0.2101706759357816, -0.09846552427860733, -0.0259527307570847;
 0.08243287789326513, -0.08374801963634468, 0.9930715431675725, 0.6210282926116181;
 0, 0, 0, 1]
[-0.2014842481099613, -0.9756755706692289, 0.08637869275949001, 0.1015277835510526;
 0.97215004509217, -0.1884177766047454, 0.1393665357487825, -0.1090329655380303;
 -0.1197012430631192, 0.1120532117281744, 0.9864662640711775, 0.6316338753473214;
 0, 0, 0, 1]
[-0.1851294744303755, -0.9682898564399659, -0.1677552729800257, 0.1851755014590622;
 0.978012013034948, -0.1982186128401256, 0.06482193982799997, -0.08457255594074188;
 -0.0960186443169315, -0.1520662205725071, 0.9836952193155825, 0.6532819255978297;
 0, 0, 0, 1]
[-0.1867914281398811, -0.9336244290417398, 0.3057031041222009, 0.2612849496459519;
 0.97914106047645, -0.2022526648030816, -0.01940729937692129, -0.05963440875202358;
 0.07994839624730932, 0.295701344394201, 0.9519290776423134, 0.579756719408177;
 0, 0, 0, 1]
[-0.2164056743807302, -0.9636818158277308, 0.1564798451519834, 0.2018953451286299;
 0.9542510337267879, -0.1749096589580942, 0.2425109808534859, -0.1384690014677856;
 -0.2063335860377026, 0.2018018063500188, 0.9574458116398501, 0.6491940309702321;
 0, 0, 0, 1]
[-0.1860805567745002, -0.9824485800975825, -0.01299283859424372, 0.1864228033323313;
 0.9670555879209269, -0.1854710495946465, 0.1743673697489596, -0.08278827662522452;
 -0.1737167702365038, 0.01988158008067346, 0.9845949454024702, 0.6587156327081448;
 0, 0, 0, 1]
[-0.1936612731225859, -0.9808641515201757, 0.02002067818894173, 0.1700928453299794;
 0.9721692001317765, -0.1891221887875642, 0.1382745241298729, -0.02740658359012377;
 -0.1318421693073997, 0.04624190708445014, 0.990191561477633, 0.6438253110687171;
 0, 0, 0, 1]
[-0.2564671169301603, -0.9601638643350728, -0.1109503112148477, 0.1065464264901611;
 0.9380841376166514, -0.2196131380188233, -0.2678959132975884, -0.09661501748238648;
 0.2328578293413283, -0.1727872195350842, 0.9570380389931112, 0.6518835605138352;
 0, 0, 0, 1]
[-0.1534873616096301, -0.9769446408539116, -0.1483940650192461, 0.1841654309315213;
 0.9615090593020234, -0.1822916474161171, 0.2055968972588258, -0.08289217371687951;
 -0.2279077855323349, -0.1111257125472753, 0.9673205866229704, 0.678933309753905;
 0, 0, 0, 1]
[-0.2167645493852315, -0.9759727255511361, 0.02214427939907247, 0.2713030656464181;
 0.9517384961962141, -0.2163218751352961, -0.2177123818162817, -0.05125994472347992;
 0.2172716387105933, -0.02611676316536976, 0.9757617279304297, 0.6223723420072245;
 0, 0, 0, 1]
