[0.3906945716457159, -0.01266366169052124, 0.9204332585033846, 0.7444864130659747;
 -0.591872115052696, 0.7623583305272605, 0.2617196501960374, -0.1130044840143918;
 -0.705014291422251, -0.6470312260998506, 0.2903539931568106, 0.2651469602376725;
 0, 0, 0, 1]
[0.3073487271300736, -0.1472327076707788, 0.940137909949096, 0.9917140223313806;
 -0.4092654792107378, 0.8714661898060891, 0.2702747630676283, -0.2610618923640907;
 -0.8590916874571239, -0.467834596643716, 0.2075867595134209, 0.2598489553328424;
 0, 0, 0, 1]
[0.4830166054166687, 0.1207883238659731, 0.867239955092826, 0.6323024195289793;
 -0.6187791676439378, 0.7478533249503669, 0.2404740028580148, -0.08885031282144827;
 -0.619521832207416, -0.6527829541113415, 0.4359668728699883, 0.2055316655735594;
 0, 0, 0, 1]
[0.3426637897627616, -0.06980267314953903, 0.9368613099101705, 0.6582387720319568;
 -0.5784105670597032, 0.7701384908981647, 0.268938507378118, -0.1328341895465229;
 -0.7402855821229363, -0.6340459696727644, 0.2235239701746313, 0.3722000213520149;
 0, 0, 0, 1]
[0.301262671362785, -0.09439856587000878, 0.9488570564658536, 0.8309896604484585;
 -0.6436705004802378, 0.714032080321746, 0.2754023875766507, -0.06086386909595707;
 -0.7035119683806941, -0.6937197554006121, 0.1543496398182906, 0.400312921885501;
 0, 0, 0, 1]
[0.318282186727137, -0.05545110636559999, 0.9463728781062055, 0.9329008989662242;
 -0.7003367404562517, 0.659066572515754, 0.27415270007689, 0.003669622178206446;
 -0.6389247996277063, -0.750037617586723, 0.1709347028122962, 0.3997263370662458;
 0, 0, 0, 1]
[0.4136397876842549, -0.01099544582194573, 0.9103742231718236, 0.7218850071396139;
 -0.5449451215013024, 0.7980362052486564, 0.2572411896727571, -0.331225370334448;
 -0.729340071980455, -0.6025091827379075, 0.3241076119440015, 0.3247049447720854;
 0, 0, 0, 1]
[0.3579190184167941, 0.02113171035826519, 0.9335134852121275, 0.7306153070809226;
 -0.7343830932029334, 0.6238208798562148, 0.2674490274297322, 0.04766636669754693;
 -0.5766935483194262, -0.7812816141909089, 0.2387961278036085, 0.367788693245197;
 0, 0, 0, 1]
[0.1837973668946498, -0.2170386815779245, 0.9587036761280879, 0.8559905994305875;
 -0.6234329654707131, 0.7283173537992708, 0.2844031816264028, -0.08413533311815252;
 -0.7599670160520035, -0.6499600317356017, -0.001446256985994279, 0.5454683902764373;
 0, 0, 0, 1]
[0.3553811462174266, 0.04558838628901563, 0.9336090937585985, 0.7032257382377523;
 -0.7760986128868719, 0.571045796929968, 0.2675399799725105, 0.1249507260541232;
 -0.5209368330117018, -0.8196513873862359, 0.2383199932182717, 0.4542521297005146;
 0, 0, 0, 1]
[0.3599578754395335, -0.0853387589434268, 0.9290573847352235, 0.7870060303992114;
 -0.4871212056469875, 0.832105865493315, 0.2651655324898891, -0.2402929003457727;
 -0.795702996675319, -0.5480119750823121, 0.2579527403388082, 0.4558468150878116;
 0, 0, 0, 1]
[0.1791882005344604, -0.222886091620754, 0.9582345114590931, 0.9620261652805879;
 -0.651676042796437, 0.702783705794057, 0.2853303315729834, -0.05297531036919951;
 -0.7370277634081354, -0.6755863031711028, -0.01931897857560031, 0.3349093647895092;
 0, 0, 0, 1]
[0.3775927297585161, -0.04340555616200065, 0.9249538843249319, 0.7670409051863227;
 -0.5547235011856123, 0.7892116736446002, 0.2634896039988388, -0.1471770869641423;
 -0.7414213158966284, -0.61258541598487, 0.273922508123658, 0.2681673100726449;
 0, 0, 0, 1]
[0.3848199196194627, -0.07241238840390035, 0.9201467684395316, 0.6369159026798442;
 -0.4655150053024616, 0.8456083699034954, 0.2612322043458704, -0.2464841569681226;
 -0.7970002567768215, -0.5288694836675643, 0.2916978915640024, 0.3312055553732994;
 0, 0, 0, 1]
[0.3584096701479272, -0.02174364359885783, 0.9333111604965945, 0.7558237243533378;
 -0.6529470499231718, 0.7086853971415995, 0.2672548556619325, -0.05122967136432992;
 -0.6672350847647934, -0.7051894935698484, 0.2398022514857184, 0.376476906132492;
 0, 0, 0, 1]
[0.3238785351449024, -0.1333718688754535, 0.9366507561866702, 0.9766403227796476;
 -0.4204874664853605, 0.8665690801343084, 0.2687904758057869, -0.2765900684678309;
 -0.8475216722899274, -0.4809053690154096, 0.2245819250319082, 0.3530199051329171;
 0, 0, 0, 1]
[0.1761183590442838, -0.2232249722904322, 0.9587246400054004, 0.9787468985108104;
 -0.5975189512246816, 0.7497505078610115, 0.2843330422049324, 0.05476866764104599;
 -0.7822745212103647, -0.622932410224489, -0.001336322193037898, 0.4285026871995866;
 0, 0, 0, 1]
[0.250702323476979, -0.1808834974796073, 0.9510149869180764, 0.7868747703574005;
 -0.425158579249501, 0.8620016145725155, 0.2760315180643728, -0.3094563728481067;
 -0.8697060006081307, -0.4735339236146881, 0.1392016368161264, 0.4778332651111493;
 0, 0, 0, 1]
[0.380779864685548, -0.09224062330896698, 0.9200534560891716, 0.7787374552788772;
 -0.4203539936586591, 0.8689843660305849, 0.2610913472515674, -0.3087282114762235;
 -0.8235952978649598, -0.4861664725235542, 0.2921180349254945, 0.430541464592385;
 0, 0, 0, 1]
[0.39086648053145, -0.01206282545474729, 0.920368340741361, 0.7193830993578068;
 -0.5922488194784797, 0.7621383485131331, 0.2615080755005881, -0.2885961325762869;
 -0.7046025335061639, -0.6473018043909057, 0.2907501398262309, 0.4488675477159659;
 0, 0, 0, 1]
[0.3669104246321921, -0.1010421369204781, 0.9247525219553433, 0.7930877044519296;
 -0.4241443877739795, 0.8665723646820006, 0.2629712438448008, -0.3050336106519306;
 -0.8279361561232005, -0.4887154830123442, 0.275097978996485, 0.4363839716077347;
 0, 0, 0, 1]
[0.4254072651931716, -0.00072791939300626, 0.9050017286470915, 0.7218564801081597;
 -0.5414982977721465, 0.8010378265152069, 0.2551822760335462, -0.1593061040472876;
 -0.7251263698354475, -0.5986132897164501, 0.3403731439818882, 0.2441234501986924;
 0, 0, 0, 1]
